{
 "cells": [
  {
   "cell_type": "code",
   "execution_count": 1,
   "metadata": {},
   "outputs": [],
   "source": [
    "import numpy as np\n",
    "import pandas as pd\n",
    "import math\n",
    "from scipy.stats import norm\n",
    "from scipy.optimize import fsolve\n",
    "from numpy.linalg import inv\n",
    "import scipy.integrate"
   ]
  },
  {
   "cell_type": "code",
   "execution_count": 2,
   "metadata": {},
   "outputs": [],
   "source": [
    "def p1(X,mu1):\n",
    "    return norm.pdf(X,mu1,1)\n",
    "def p2(X,mu2):\n",
    "    return norm.pdf(X,mu2,1)\n",
    "def f(X,lamda,mu1,mu2):\n",
    "    return (lamda*p1(X,mu1)+(1-lamda)*p2(X,mu2))"
   ]
  },
  {
   "cell_type": "code",
   "execution_count": 3,
   "metadata": {},
   "outputs": [
    {
     "name": "stderr",
     "output_type": "stream",
     "text": [
      "C:\\Users\\jsh98\\anaconda3\\lib\\site-packages\\scipy\\optimize\\minpack.py:162: RuntimeWarning: The iteration is not making good progress, as measured by the \n",
      "  improvement from the last five Jacobian evaluations.\n",
      "  warnings.warn(msg, RuntimeWarning)\n",
      "C:\\Users\\jsh98\\anaconda3\\lib\\site-packages\\ipykernel_launcher.py:22: RuntimeWarning: invalid value encountered in double_scalars\n",
      "C:\\Users\\jsh98\\anaconda3\\lib\\site-packages\\ipykernel_launcher.py:23: RuntimeWarning: invalid value encountered in double_scalars\n",
      "C:\\Users\\jsh98\\anaconda3\\lib\\site-packages\\ipykernel_launcher.py:24: RuntimeWarning: invalid value encountered in double_scalars\n",
      "C:\\Users\\jsh98\\anaconda3\\lib\\site-packages\\scipy\\optimize\\minpack.py:162: RuntimeWarning: The iteration is not making good progress, as measured by the \n",
      "  improvement from the last ten iterations.\n",
      "  warnings.warn(msg, RuntimeWarning)\n"
     ]
    }
   ],
   "source": [
    "N=1000\n",
    "alpha=0.05\n",
    "z=norm.ppf(1-alpha/2)\n",
    "pi=math.pi\n",
    "F_inverse=[]\n",
    "H_inverse=[]\n",
    "lamda_MLE=[]\n",
    "mu1_MLE=[]\n",
    "mu2_MLE=[]\n",
    "while len(H_inverse)<N:\n",
    "    n=100\n",
    "    X=[]\n",
    "    U=np.random.uniform(0,1,n)\n",
    "    for i in range(n):\n",
    "        X.append((fsolve(lambda x: 0.5*norm.cdf(x)+0.5*norm.cdf(x-2)-U[i], 0)[0]))\n",
    "    def ML(paramlist):\n",
    "        lamda,mu1,mu2=paramlist[0],paramlist[1],paramlist[2]\n",
    "        s1=0\n",
    "        s2=0\n",
    "        s3=0\n",
    "        for i in range(n):\n",
    "            s1=s1-(p1(X[i],mu1)-p2(X[i],mu2))/(f(X[i],lamda,mu1,mu2))\n",
    "            s2=s2-lamda*p1(X[i],mu1)*(X[i]-mu1)/(f(X[i],lamda,mu1,mu2))\n",
    "            s3=s3-(1-lamda)*p2(X[i],mu2)*(X[i]-mu2)/(f(X[i],lamda,mu1,mu2))\n",
    "        return s1,s2,s3\n",
    "    lamda_hat,mu1_hat,mu2_hat=fsolve(ML,[0.5,0,2])\n",
    "    lamda_MLE.append(lamda_hat)\n",
    "    mu1_MLE.append(mu1_hat)\n",
    "    mu2_MLE.append(mu2_hat)\n",
    "    h11=0\n",
    "    h12=0\n",
    "    h13=0\n",
    "    h22=0\n",
    "    h23=0\n",
    "    h33=0\n",
    "    for i in range(len(X)):\n",
    "        h11=h11+(1/n)*(p1(X[i],mu1_hat)-p2(X[i],mu2_hat))**2/(f(X[i],lamda_hat,mu1_hat,mu2_hat))**2\n",
    "        h12=h12-(1/n)*(p1(X[i],mu1_hat)*(X[i]-mu1_hat)*f(X[i],lamda_hat,mu1_hat,mu2_hat)-p1(X[i],mu1_hat)*(X[i]-mu1_hat)*lamda_hat*(p1(X[i],mu1_hat)-p2(X[i],mu2_hat)))/(f(X[i],lamda_hat,mu1_hat,mu2_hat))**2\n",
    "        h13=h13-(1/n)*(-p2(X[i],mu2_hat)*(X[i]-mu2_hat)*f(X[i],lamda_hat,mu1_hat,mu2_hat)-p2(X[i],mu2_hat)*(X[i]-mu2_hat)*(1-lamda_hat)*(p1(X[i],mu1_hat)-p2(X[i],mu2_hat)))/(f(X[i],lamda_hat,mu1_hat,mu2_hat))**2\n",
    "        h22=h22-(1/n)*(lamda_hat*p1(X[i],mu1_hat)*(-1+(X[i]-mu1_hat)**2)*f(X[i],lamda_hat,mu1_hat,mu2_hat)-(p1(X[i],mu1_hat)*(X[i]-mu1_hat)*lamda_hat)**2)/(f(X[i],lamda_hat,mu1_hat,mu2_hat))**2\n",
    "        h33=h33-(1/n)*((1-lamda_hat)*p2(X[i],mu2_hat)*(-1+(X[i]-mu2_hat)**2)*f(X[i],lamda_hat,mu1_hat,mu2_hat)-(p2(X[i],mu2_hat)*(X[i]-mu2_hat)*(1-lamda_hat))**2)/(f(X[i],lamda_hat,mu1_hat,mu2_hat))**2\n",
    "        h23=h23+(1/n)*(p1(X[i],mu1_hat)*(X[i]-mu1_hat)*lamda_hat*p2(X[i],mu2_hat)*(X[i]-mu2_hat)*(1-lamda_hat))/(f(X[i],lamda_hat,mu1_hat,mu2_hat))**2\n",
    "    H=[[h11,h12,h13],[h12,h22,h23],[h13,h23,h33]]\n",
    "    if inv(H).min()>0 and inv(H).max()<100:\n",
    "        a11= lambda x:(p1(x,mu1_hat)-p2(x,mu2_hat))**2/f(x,lamda_hat,mu1_hat,mu2_hat)\n",
    "        a22= lambda x:(lamda_hat*(x-mu1_hat)*p1(x,mu1_hat))**2/f(x,lamda_hat,mu1_hat,mu2_hat)\n",
    "        a33= lambda x:((1-lamda_hat)*(x-mu2_hat)*p2(x,mu2_hat))**2/f(x,lamda_hat,mu1_hat,mu2_hat)\n",
    "        a12= lambda x:(p1(x,mu1_hat)-p2(x,mu2_hat))*(lamda_hat*(x-mu1_hat)*p1(x,mu1_hat))/f(x,lamda_hat,mu1_hat,mu2_hat)\n",
    "        a13= lambda x:(p1(x,mu1_hat)-p2(x,mu2_hat))*((1-lamda_hat)*(x-mu2_hat)*p2(x,mu2_hat))/f(x,lamda_hat,mu1_hat,mu2_hat)\n",
    "        a23 = lambda x:(lamda_hat*(x-mu1_hat)*p1(x,mu1_hat))*((1-lamda_hat)*(x-mu2_hat)*p2(x,mu2_hat))/f(x,lamda_hat,mu1_hat,mu2_hat)\n",
    "        f11 = scipy.integrate.quad(a11, -35, 35)[0]\n",
    "        f22 = scipy.integrate.quad(a22, -35, 35)[0]\n",
    "        f33 = scipy.integrate.quad(a33, -35, 35)[0]\n",
    "        f12 = scipy.integrate.quad(a12, -35, 35)[0]\n",
    "        f13 = scipy.integrate.quad(a13, -35, 35)[0]\n",
    "        f23 = scipy.integrate.quad(a23, -35, 35)[0]\n",
    "        F=[[f11,f12,f13],[f12,f22,f23],[f13,f23,f33]]\n",
    "        F_inverse.append(inv(F))\n",
    "        H_inverse.append(inv(H))"
   ]
  },
  {
   "cell_type": "code",
   "execution_count": 39,
   "metadata": {},
   "outputs": [
    {
     "data": {
      "text/plain": [
       "[array([[2.39189305, 3.63889762, 3.90060634],\n",
       "        [3.63889762, 8.57301711, 6.10920149],\n",
       "        [3.90060634, 6.10920149, 9.75319549]]),\n",
       " array([[0.77172377, 1.07573201, 1.43539172],\n",
       "        [1.07573201, 4.05027845, 2.67660722],\n",
       "        [1.43539172, 2.67660722, 6.66431963]]),\n",
       " array([[0.55261927, 1.13191937, 0.66772909],\n",
       "        [1.13191937, 7.19366169, 2.12126771],\n",
       "        [0.66772909, 2.12126771, 2.97580508]]),\n",
       " array([[ 1.10354496,  2.92619666,  1.41017033],\n",
       "        [ 2.92619666, 13.91849256,  4.22232745],\n",
       "        [ 1.41017033,  4.22232745,  3.76701493]]),\n",
       " array([[2.20770244, 3.73143104, 3.30563069],\n",
       "        [3.73143104, 9.84151607, 5.80210676],\n",
       "        [3.30563069, 5.80210676, 7.86475831]]),\n",
       " array([[ 8.44598096, 10.22953278, 12.06880053],\n",
       "        [10.22953278, 15.39865026, 14.06770209],\n",
       "        [12.06880053, 14.06770209, 21.19154668]]),\n",
       " array([[1.31096256, 1.90315369, 2.49360904],\n",
       "        [1.90315369, 5.36530339, 4.08311736],\n",
       "        [2.49360904, 4.08311736, 8.72593958]]),\n",
       " array([[ 7.60335902, 10.78847953,  9.57039421],\n",
       "        [10.78847953, 19.06483994, 13.09843239],\n",
       "        [ 9.57039421, 13.09843239, 15.13498882]]),\n",
       " array([[0.95142265, 1.29186456, 2.03356167],\n",
       "        [1.29186456, 4.05538541, 3.34911417],\n",
       "        [2.03356167, 3.34911417, 9.02306263]]),\n",
       " array([[1.17096911, 2.39346933, 1.63605261],\n",
       "        [2.39346933, 9.28188477, 3.84942694],\n",
       "        [1.63605261, 3.84942694, 4.70089336]]),\n",
       " array([[1.47696034, 2.30401223, 2.52565713],\n",
       "        [2.30401223, 6.55837038, 4.35613251],\n",
       "        [2.52565713, 4.35613251, 7.74576277]]),\n",
       " array([[ 1.89512667,  2.30296529,  5.1113741 ],\n",
       "        [ 2.30296529,  4.70261301,  6.39821861],\n",
       "        [ 5.1113741 ,  6.39821861, 20.5029128 ]]),\n",
       " array([[ 2.09068667,  2.76492581,  4.34463614],\n",
       "        [ 2.76492581,  5.97551695,  5.95575432],\n",
       "        [ 4.34463614,  5.95575432, 13.77987827]]),\n",
       " array([[2.00979862, 2.99411348, 3.48427773],\n",
       "        [2.99411348, 7.30586579, 5.45253737],\n",
       "        [3.48427773, 5.45253737, 9.66018807]]),\n",
       " array([[ 1.57091064,  2.0529439 ,  3.63028071],\n",
       "        [ 2.0529439 ,  4.83476735,  5.08241272],\n",
       "        [ 3.63028071,  5.08241272, 13.67875119]]),\n",
       " array([[ 4.29075103,  5.17073936,  8.12585465],\n",
       "        [ 5.17073936,  8.59852416,  9.60379732],\n",
       "        [ 8.12585465,  9.60379732, 20.29373303]]),\n",
       " array([[0.81300396, 1.39143667, 1.20746965],\n",
       "        [1.39143667, 5.91157877, 2.7296615 ],\n",
       "        [1.20746965, 2.7296615 , 4.62375048]]),\n",
       " array([[ 1.23312337,  1.68087874,  2.65966599],\n",
       "        [ 1.68087874,  4.58939256,  4.09852164],\n",
       "        [ 2.65966599,  4.09852164, 10.46337711]]),\n",
       " array([[ 1.29806281,  1.66761011,  3.29469327],\n",
       "        [ 1.66761011,  4.16110916,  4.64603923],\n",
       "        [ 3.29469327,  4.64603923, 14.24522024]]),\n",
       " array([[1.03083016, 1.70834338, 1.6448472 ],\n",
       "        [1.70834338, 6.09489012, 3.30257551],\n",
       "        [1.6448472 , 3.30257551, 5.70019153]]),\n",
       " array([[0.66187882, 1.32066888, 0.85903151],\n",
       "        [1.32066888, 7.14116778, 2.42959795],\n",
       "        [0.85903151, 2.42959795, 3.43197663]]),\n",
       " array([[1.22589229, 1.99331859, 2.01481377],\n",
       "        [1.99331859, 6.38993088, 3.77915141],\n",
       "        [2.01481377, 3.77915141, 6.51380203]]),\n",
       " array([[2.25501906, 3.74768133, 3.41203046],\n",
       "        [3.74768133, 9.68494161, 5.87557393],\n",
       "        [3.41203046, 5.87557393, 8.13989883]]),\n",
       " array([[0.91014125, 1.24516544, 1.88702852],\n",
       "        [1.24516544, 4.05893771, 3.19070528],\n",
       "        [1.88702852, 3.19070528, 8.42068497]]),\n",
       " array([[ 1.8495775 ,  3.61075729,  2.57212124],\n",
       "        [ 3.61075729, 11.31214817,  5.3100638 ],\n",
       "        [ 2.57212124,  5.3100638 ,  6.06777525]]),\n",
       " array([[1.00085528, 1.48869073, 1.80546462],\n",
       "        [1.48869073, 4.95437334, 3.2703034 ],\n",
       "        [1.80546462, 3.2703034 , 6.96363954]]),\n",
       " array([[0.9603335 , 1.53594307, 1.57091342],\n",
       "        [1.53594307, 5.56482702, 3.11728886],\n",
       "        [1.57091342, 3.11728886, 5.78942918]]),\n",
       " array([[2.54431062, 3.97750181, 3.97730095],\n",
       "        [3.97750181, 9.42969452, 6.36114111],\n",
       "        [3.97730095, 6.36114111, 9.42880788]]),\n",
       " array([[1.17166852, 2.19788286, 1.71609237],\n",
       "        [2.19788286, 8.01971318, 3.73459356],\n",
       "        [1.71609237, 3.73459356, 5.15492071]]),\n",
       " array([[ 1.06913537,  1.42404077,  2.45050123],\n",
       "        [ 1.42404077,  4.07896944,  3.7916883 ],\n",
       "        [ 2.45050123,  3.7916883 , 10.72279688]]),\n",
       " array([[1.39630684, 2.3523198 , 2.21372065],\n",
       "        [2.3523198 , 7.30135307, 4.17267714],\n",
       "        [2.21372065, 4.17267714, 6.54317547]]),\n",
       " array([[ 0.85258042,  1.08148965,  2.28403019],\n",
       "        [ 1.08148965,  3.3168321 ,  3.49432223],\n",
       "        [ 2.28403019,  3.49432223, 12.34316959]]),\n",
       " array([[1.01249759, 1.38334508, 2.15392715],\n",
       "        [1.38334508, 4.20833639, 3.50579365],\n",
       "        [2.15392715, 3.50579365, 9.21839486]]),\n",
       " array([[1.52596263, 2.52855758, 2.4428215 ],\n",
       "        [2.52855758, 7.46203724, 4.44949822],\n",
       "        [2.4428215 , 4.44949822, 7.00915807]]),\n",
       " array([[1.09446733, 2.05632992, 1.59745776],\n",
       "        [2.05632992, 7.77280418, 3.54614267],\n",
       "        [1.59745776, 3.54614267, 4.9620025 ]]),\n",
       " array([[1.22030035, 1.86850664, 2.14916059],\n",
       "        [1.86850664, 5.71523314, 3.79337685],\n",
       "        [2.14916059, 3.79337685, 7.34208454]]),\n",
       " array([[1.1142432 , 1.9219124 , 1.72889892],\n",
       "        [1.9219124 , 6.7680461 , 3.52532734],\n",
       "        [1.72889892, 3.52532734, 5.60693407]]),\n",
       " array([[2.25175143, 3.80428727, 3.36089894],\n",
       "        [3.80428727, 9.97171993, 5.88277645],\n",
       "        [3.36089894, 5.88277645, 7.92661956]]),\n",
       " array([[1.31108232, 1.88724234, 2.52939976],\n",
       "        [1.88724234, 5.27888936, 4.10227852],\n",
       "        [2.52939976, 4.10227852, 8.94338437]]),\n",
       " array([[0.64258899, 0.83217328, 1.24995632],\n",
       "        [0.83217328, 3.42539611, 2.3426333 ],\n",
       "        [1.24995632, 2.3426333 , 6.83247596]]),\n",
       " array([[1.44211876, 2.2129175 , 2.52030931],\n",
       "        [2.2129175 , 6.27549049, 4.29366456],\n",
       "        [2.52030931, 4.29366456, 7.94057225]]),\n",
       " array([[1.1286185 , 1.68051315, 2.06007234],\n",
       "        [1.68051315, 5.22554024, 3.60163009],\n",
       "        [2.06007234, 3.60163009, 7.50975968]]),\n",
       " array([[ 2.77260871,  3.57117487,  5.52271723],\n",
       "        [ 3.57117487,  6.95523161,  7.17415228],\n",
       "        [ 5.52271723,  7.17415228, 15.72456187]]),\n",
       " array([[ 0.81188091,  1.94649474,  1.04829203],\n",
       "        [ 1.94649474, 10.12351248,  3.14736411],\n",
       "        [ 1.04829203,  3.14736411,  3.43753616]]),\n",
       " array([[ 1.80901594,  3.8896136 ,  2.40014824],\n",
       "        [ 3.8896136 , 13.23836177,  5.44122326],\n",
       "        [ 2.40014824,  5.44122326,  5.4550867 ]]),\n",
       " array([[1.47571364, 2.50363798, 2.31797496],\n",
       "        [2.50363798, 7.63301975, 4.34953259],\n",
       "        [2.31797496, 4.34953259, 6.63860066]]),\n",
       " array([[ 3.37034475,  4.60636443,  5.71852469],\n",
       "        [ 4.60636443,  9.04422284,  7.7982622 ],\n",
       "        [ 5.71852469,  7.7982622 , 13.59047157]]),\n",
       " array([[1.8865598 , 3.03091338, 3.03606274],\n",
       "        [3.03091338, 8.0576501 , 5.17537543],\n",
       "        [3.03606274, 5.17537543, 8.08280489]]),\n",
       " array([[ 1.5365714 ,  3.20365888,  2.10327293],\n",
       "        [ 3.20365888, 11.25955807,  4.75725004],\n",
       "        [ 2.10327293,  4.75725004,  5.23630237]]),\n",
       " array([[0.77796284, 1.22777238, 1.21975171],\n",
       "        [1.22777238, 5.09817518, 2.60357228],\n",
       "        [1.21975171, 2.60357228, 5.04087718]]),\n",
       " array([[ 6.64123683,  8.82577425,  9.30070358],\n",
       "        [ 8.82577425, 14.95168715, 11.96393849],\n",
       "        [ 9.30070358, 11.96393849, 16.53521758]]),\n",
       " array([[0.84118092, 1.57801417, 1.19038955],\n",
       "        [1.57801417, 6.94492692, 2.88000647],\n",
       "        [1.19038955, 2.88000647, 4.25219796]]),\n",
       " array([[ 2.48819404,  4.28002787,  3.59308302],\n",
       "        [ 4.28002787, 11.07331292,  6.33011184],\n",
       "        [ 3.59308302,  6.33011184,  7.99666214]]),\n",
       " array([[0.7763503 , 1.01310622, 1.73693855],\n",
       "        [1.01310622, 3.50193004, 2.92525728],\n",
       "        [1.73693855, 2.92525728, 8.92444831]]),\n",
       " array([[ 1.6087154 ,  3.89211328,  2.06283045],\n",
       "        [ 3.89211328, 15.06258772,  5.3044082 ],\n",
       "        [ 2.06283045,  5.3044082 ,  4.71869069]]),\n",
       " array([[0.71699197, 1.1718706 , 1.05629499],\n",
       "        [1.1718706 , 5.31855648, 2.42819332],\n",
       "        [1.05629499, 2.42819332, 4.45303859]]),\n",
       " array([[0.92314988, 1.29065951, 1.8278508 ],\n",
       "        [1.29065951, 4.26548008, 3.1640176 ],\n",
       "        [1.8278508 , 3.1640176 , 7.85807282]]),\n",
       " array([[0.47847326, 0.88134867, 0.5444128 ],\n",
       "        [0.88134867, 6.20645121, 1.77114264],\n",
       "        [0.5444128 , 1.77114264, 2.82176507]]),\n",
       " array([[1.04081205, 1.59534805, 1.81094776],\n",
       "        [1.59534805, 5.32189946, 3.34696439],\n",
       "        [1.81094776, 3.34696439, 6.65995377]]),\n",
       " array([[1.55662598, 2.87875443, 2.27979286],\n",
       "        [2.87875443, 9.18997579, 4.60033638],\n",
       "        [2.27979286, 4.60033638, 6.01322205]]),\n",
       " array([[2.18932298, 3.34517883, 3.62020359],\n",
       "        [3.34517883, 8.12066396, 5.75227556],\n",
       "        [3.62020359, 5.75227556, 9.39854545]]),\n",
       " array([[ 0.73795346,  1.89997144,  0.92902715],\n",
       "        [ 1.89997144, 10.88134914,  3.05128017],\n",
       "        [ 0.92902715,  3.05128017,  3.14489787]]),\n",
       " array([[1.53290273, 2.55150747, 2.44273977],\n",
       "        [2.55150747, 7.54325506, 4.46533166],\n",
       "        [2.44273977, 4.46533166, 6.96962133]]),\n",
       " array([[ 2.34081861,  3.44823057,  3.9841868 ],\n",
       "        [ 3.44823057,  7.94768697,  6.05245737],\n",
       "        [ 3.9841868 ,  6.05245737, 10.39113905]]),\n",
       " array([[0.6641754 , 1.01174906, 1.00166326],\n",
       "        [1.01174906, 4.686151  , 2.24715083],\n",
       "        [1.00166326, 2.24715083, 4.60721554]]),\n",
       " array([[ 1.43559299,  3.15667713,  1.92788258],\n",
       "        [ 3.15667713, 11.83930809,  4.63484369],\n",
       "        [ 1.92788258,  4.63484369,  4.84104512]]),\n",
       " array([[1.47978974, 2.45495283, 2.37166563],\n",
       "        [2.45495283, 7.34371571, 4.35088656],\n",
       "        [2.37166563, 4.35088656, 6.8985562 ]]),\n",
       " array([[0.73932113, 1.38899465, 1.01398607],\n",
       "        [1.38899465, 6.69027369, 2.59322729],\n",
       "        [1.01398607, 2.59322729, 3.8940216 ]]),\n",
       " array([[1.00215537, 1.7869317 , 1.50274591],\n",
       "        [1.7869317 , 6.83160455, 3.26457673],\n",
       "        [1.50274591, 3.26457673, 5.032539  ]]),\n",
       " array([[ 2.28811048,  3.22760406,  4.15235544],\n",
       "        [ 3.22760406,  7.20562543,  6.04493172],\n",
       "        [ 4.15235544,  6.04493172, 11.49629047]]),\n",
       " array([[ 1.81241181,  3.83130145,  2.42325127],\n",
       "        [ 3.83130145, 12.86060175,  5.40604862],\n",
       "        [ 2.42325127,  5.40604862,  5.54575012]]),\n",
       " array([[ 2.92954927,  5.11859933,  4.04462219],\n",
       "        [ 5.11859933, 12.8764913 ,  7.12426443],\n",
       "        [ 4.04462219,  7.12426443,  8.28330954]]),\n",
       " array([[0.84189268, 1.12973708, 1.78979973],\n",
       "        [1.12973708, 3.80459934, 3.03718895],\n",
       "        [1.78979973, 3.03718895, 8.49229743]]),\n",
       " array([[0.84477202, 1.12177001, 1.85697599],\n",
       "        [1.12177001, 3.7181065 , 3.09627266],\n",
       "        [1.85697599, 3.09627266, 8.96911905]]),\n",
       " array([[1.28062516, 1.84093026, 2.47857369],\n",
       "        [1.84093026, 5.20028964, 4.0348425 ],\n",
       "        [2.47857369, 4.0348425 , 8.87559167]]),\n",
       " array([[ 2.65078061,  4.53886844,  3.79323087],\n",
       "        [ 4.53886844, 11.50414534,  6.61069626],\n",
       "        [ 3.79323087,  6.61069626,  8.23101406]]),\n",
       " array([[1.96004096, 3.02879797, 3.26733873],\n",
       "        [3.02879797, 7.69144327, 5.32638855],\n",
       "        [3.26733873, 5.32638855, 8.84266301]]),\n",
       " array([[2.04123187, 3.1286048 , 3.40949439],\n",
       "        [3.1286048 , 7.78497346, 5.48228785],\n",
       "        [3.40949439, 5.48228785, 9.12208793]]),\n",
       " array([[ 0.81956383,  1.05969058,  1.96222364],\n",
       "        [ 1.05969058,  3.45762692,  3.16785732],\n",
       "        [ 1.96222364,  3.16785732, 10.14174344]]),\n",
       " array([[0.74804163, 1.08570411, 1.27629069],\n",
       "        [1.08570411, 4.35814002, 2.54130266],\n",
       "        [1.27629069, 2.54130266, 5.75475944]]),\n",
       " array([[1.19199289, 2.03829728, 1.86830416],\n",
       "        [2.03829728, 6.88927924, 3.70926875],\n",
       "        [1.86830416, 3.70926875, 5.89654578]]),\n",
       " array([[1.08820094, 2.08378112, 1.57016979],\n",
       "        [2.08378112, 8.00520793, 3.5520392 ],\n",
       "        [1.57016979, 3.5520392 , 4.84117404]]),\n",
       " array([[ 2.42901988,  2.98792109,  5.64042761],\n",
       "        [ 2.98792109,  5.75991785,  7.03053368],\n",
       "        [ 5.64042761,  7.03053368, 18.82483107]]),\n",
       " array([[1.32202324, 2.06500675, 2.27031604],\n",
       "        [2.06500675, 6.17983767, 4.01407196],\n",
       "        [2.27031604, 4.01407196, 7.32898598]]),\n",
       " array([[ 3.96153401,  4.93148513,  7.31971714],\n",
       "        [ 4.93148513,  8.58592598,  8.98024989],\n",
       "        [ 7.31971714,  8.98024989, 18.14360225]]),\n",
       " array([[ 1.67988043,  2.36279637,  3.27745514],\n",
       "        [ 2.36279637,  5.83169941,  4.9483999 ],\n",
       "        [ 3.27745514,  4.9483999 , 10.60317029]]),\n",
       " array([[0.88362156, 1.9562455 , 1.17690842],\n",
       "        [1.9562455 , 9.24444218, 3.21804719],\n",
       "        [1.17690842, 3.21804719, 3.79185935]]),\n",
       " array([[0.92790762, 1.31307972, 1.7947809 ],\n",
       "        [1.31307972, 4.37789195, 3.14853435],\n",
       "        [1.7947809 , 3.14853435, 7.57805134]]),\n",
       " array([[ 0.64668758,  2.0453283 ,  0.78669548],\n",
       "        [ 2.0453283 , 14.13067191,  3.16498205],\n",
       "        [ 0.78669548,  3.16498205,  2.71235007]]),\n",
       " array([[ 3.85048052,  5.14127028,  6.45610775],\n",
       "        [ 5.14127028,  9.60454374,  8.52784949],\n",
       "        [ 6.45610775,  8.52784949, 14.77624312]]),\n",
       " array([[0.35465188, 0.34686958, 0.83983573],\n",
       "        [0.34686958, 2.10277734, 1.61714027],\n",
       "        [0.83983573, 1.61714027, 8.61010676]]),\n",
       " array([[1.28502545, 1.89179423, 2.3921601 ],\n",
       "        [1.89179423, 5.45238185, 3.99638865],\n",
       "        [2.3921601 , 3.99638865, 8.3126052 ]]),\n",
       " array([[0.99409035, 1.46138235, 1.82382833],\n",
       "        [1.46138235, 4.83309992, 3.26747689],\n",
       "        [1.82382833, 3.26747689, 7.14433167]]),\n",
       " array([[ 0.55822237,  0.66426092,  1.48678839],\n",
       "        [ 0.66426092,  2.6673781 ,  2.51144796],\n",
       "        [ 1.48678839,  2.51144796, 10.42842734]]),\n",
       " array([[0.93631739, 1.32463402, 1.81598152],\n",
       "        [1.32463402, 4.38906793, 3.17415744],\n",
       "        [1.81598152, 3.17415744, 7.64057363]]),\n",
       " array([[ 4.8923196 ,  6.47263004,  7.64812632],\n",
       "        [ 6.47263004, 11.45972622,  9.89554955],\n",
       "        [ 7.64812632,  9.89554955, 15.7495807 ]]),\n",
       " array([[0.89545184, 1.27508533, 1.69497865],\n",
       "        [1.27508533, 4.38164689, 3.03749609],\n",
       "        [1.69497865, 3.03749609, 7.21068498]]),\n",
       " array([[1.32751293, 2.40547842, 1.98913817],\n",
       "        [2.40547842, 8.0743148 , 4.06662839],\n",
       "        [1.98913817, 4.06662839, 5.7346474 ]]),\n",
       " array([[1.46235752, 2.7212111 , 2.14249803],\n",
       "        [2.7212111 , 8.94581313, 4.40072318],\n",
       "        [2.14249803, 4.40072318, 5.80083646]]),\n",
       " array([[ 1.41727384,  1.90046099,  3.13378656],\n",
       "        [ 1.90046099,  4.7905836 ,  4.60314372],\n",
       "        [ 3.13378656,  4.60314372, 11.85935472]]),\n",
       " array([[ 1.59850435,  3.722766  ,  2.07941937],\n",
       "        [ 3.722766  , 14.02658545,  5.16982557],\n",
       "        [ 2.07941937,  5.16982557,  4.84172543]]),\n",
       " array([[ 1.19567147,  1.61546721,  2.63833615],\n",
       "        [ 1.61546721,  4.43598141,  4.04814195],\n",
       "        [ 2.63833615,  4.04814195, 10.68960239]]),\n",
       " array([[0.86465741, 1.41624622, 1.35173717],\n",
       "        [1.41624622, 5.59315655, 2.85746427],\n",
       "        [1.35173717, 2.85746427, 5.15692603]]),\n",
       " array([[ 2.1881614 ,  2.87282797,  4.55056663],\n",
       "        [ 2.87282797,  6.0806299 ,  6.15897926],\n",
       "        [ 4.55056663,  6.15897926, 14.2579128 ]]),\n",
       " array([[ 1.50603115,  3.04344607,  2.09761451],\n",
       "        [ 3.04344607, 10.52670273,  4.62665557],\n",
       "        [ 2.09761451,  4.62665557,  5.35386402]]),\n",
       " array([[1.01924514, 1.42361904, 2.06274352],\n",
       "        [1.42361904, 4.41582645, 3.44773184],\n",
       "        [2.06274352, 3.44773184, 8.51316398]]),\n",
       " array([[0.88497433, 1.16255996, 2.05281736],\n",
       "        [1.16255996, 3.67371985, 3.30221817],\n",
       "        [2.05281736, 3.30221817, 9.97087241]]),\n",
       " array([[1.37742268, 1.99726774, 2.61790273],\n",
       "        [1.99726774, 5.49883145, 4.23594481],\n",
       "        [2.61790273, 4.23594481, 8.9627825 ]]),\n",
       " array([[0.75346739, 0.96600498, 1.78088438],\n",
       "        [0.96600498, 3.32869711, 2.94603035],\n",
       "        [1.78088438, 2.94603035, 9.61123884]]),\n",
       " array([[1.05763332, 1.94022554, 1.56362906],\n",
       "        [1.94022554, 7.34365334, 3.42966214],\n",
       "        [1.56362906, 3.42966214, 5.0095916 ]]),\n",
       " array([[ 3.04964399,  5.42743431,  4.12150076],\n",
       "        [ 5.42743431, 13.74101262,  7.36646986],\n",
       "        [ 4.12150076,  7.36646986,  8.19796669]]),\n",
       " array([[ 1.34124616,  3.42294818,  1.71690364],\n",
       "        [ 3.42294818, 14.67771087,  4.77687329],\n",
       "        [ 1.71690364,  4.77687329,  4.20684497]]),\n",
       " array([[1.08320798, 2.1826454 , 1.521133  ],\n",
       "        [2.1826454 , 8.70390459, 3.60653616],\n",
       "        [1.521133  , 3.60653616, 4.5804003 ]]),\n",
       " array([[0.60504313, 0.91183081, 0.86861669],\n",
       "        [0.91183081, 4.59446977, 2.04865715],\n",
       "        [0.86861669, 2.04865715, 4.23527347]]),\n",
       " array([[1.39620876, 2.2746461 , 2.28527807],\n",
       "        [2.2746461 , 6.87433919, 4.16690624],\n",
       "        [2.28527807, 4.16690624, 6.93245557]]),\n",
       " array([[1.18242103, 1.9777832 , 1.88926734],\n",
       "        [1.9777832 , 6.59963631, 3.6787843 ],\n",
       "        [1.88926734, 3.6787843 , 6.0815211 ]]),\n",
       " array([[ 1.41230239,  1.74003701,  4.12205635],\n",
       "        [ 1.74003701,  3.98243403,  5.40659401],\n",
       "        [ 4.12205635,  5.40659401, 19.15843836]]),\n",
       " array([[0.84339257, 1.23696671, 1.48971417],\n",
       "        [1.23696671, 4.55894469, 2.8344459 ],\n",
       "        [1.48971417, 2.8344459 , 6.29923859]]),\n",
       " array([[1.36154842, 1.9414706 , 2.6641664 ],\n",
       "        [1.9414706 , 5.29071358, 4.24059552],\n",
       "        [2.6641664 , 4.24059552, 9.36579007]]),\n",
       " array([[ 2.68393461,  4.50228886,  3.89315805],\n",
       "        [ 4.50228886, 11.17858441,  6.64188161],\n",
       "        [ 3.89315805,  6.64188161,  8.52234506]]),\n",
       " array([[0.87574104, 1.96397958, 1.16062246],\n",
       "        [1.96397958, 9.40158332, 3.21713667],\n",
       "        [1.16062246, 3.21713667, 3.7386752 ]]),\n",
       " array([[ 1.49539299,  1.89151218,  3.86018142],\n",
       "        [ 1.89151218,  4.37755907,  5.21744532],\n",
       "        [ 3.86018142,  5.21744532, 16.06832822]]),\n",
       " array([[1.13991123, 1.6178714 , 2.25661653],\n",
       "        [1.6178714 , 4.78780146, 3.72432543],\n",
       "        [2.25661653, 3.72432543, 8.66837999]]),\n",
       " array([[0.83034978, 1.40133693, 1.25315597],\n",
       "        [1.40133693, 5.81116148, 2.77147616],\n",
       "        [1.25315597, 2.77147616, 4.78643674]]),\n",
       " array([[1.80086282, 3.00880999, 2.81092761],\n",
       "        [3.00880999, 8.39683087, 5.01658555],\n",
       "        [2.81092761, 5.01658555, 7.41296727]]),\n",
       " array([[ 1.55594997,  4.41401371,  1.91127164],\n",
       "        [ 4.41401371, 19.48030123,  5.705187  ],\n",
       "        [ 1.91127164,  5.705187  ,  4.21058778]]),\n",
       " array([[0.87311921, 1.61924684, 1.25200027],\n",
       "        [1.61924684, 6.90711142, 2.9564916 ],\n",
       "        [1.25200027, 2.9564916 , 4.40853738]]),\n",
       " array([[0.76144563, 1.09186575, 1.33588633],\n",
       "        [1.09186575, 4.27190629, 2.59826246],\n",
       "        [1.33588633, 2.59826246, 6.04661976]]),\n",
       " array([[1.21226894, 1.71654812, 2.41363334],\n",
       "        [1.71654812, 4.91000227, 3.91094413],\n",
       "        [2.41363334, 3.91094413, 9.04214476]]),\n",
       " array([[ 5.49702003,  6.49189613,  9.69153968],\n",
       "        [ 6.49189613, 10.14421866, 11.12174423],\n",
       "        [ 9.69153968, 11.12174423, 21.83077339]]),\n",
       " array([[ 1.09407884,  2.88430496,  1.4002312 ],\n",
       "        [ 2.88430496, 13.71556602,  4.1799786 ],\n",
       "        [ 1.4002312 ,  4.1799786 ,  3.76470339]]),\n",
       " array([[1.2265205 , 2.40431514, 1.75131422],\n",
       "        [2.40431514, 8.86022254, 3.92306216],\n",
       "        [1.75131422, 3.92306216, 5.0202662 ]]),\n",
       " array([[ 1.99109722,  2.76986321,  3.82052881],\n",
       "        [ 2.76986321,  6.37606748,  5.56774428],\n",
       "        [ 3.82052881,  5.56774428, 11.53313958]]),\n",
       " array([[ 0.90747179,  1.19351747,  2.11204769],\n",
       "        [ 1.19351747,  3.71404345,  3.37276396],\n",
       "        [ 2.11204769,  3.37276396, 10.1396942 ]]),\n",
       " array([[ 2.5919544 ,  3.40704302,  5.08994554],\n",
       "        [ 3.40704302,  6.88281592,  6.79365156],\n",
       "        [ 5.08994554,  6.79365156, 14.55493415]]),\n",
       " array([[0.56863441, 1.45326614, 0.68070072],\n",
       "        [1.45326614, 9.87932302, 2.47985255],\n",
       "        [0.68070072, 2.47985255, 2.73669763]]),\n",
       " array([[ 1.9425787 ,  2.42195452,  4.77427852],\n",
       "        [ 2.42195452,  5.04719479,  6.15660103],\n",
       "        [ 4.77427852,  6.15660103, 17.67112765]]),\n",
       " array([[2.11618733, 3.28509018, 3.46135067],\n",
       "        [3.28509018, 8.16981491, 5.61215629],\n",
       "        [3.46135067, 5.61215629, 8.99763828]]),\n",
       " array([[1.1815891 , 1.76815924, 2.14585217],\n",
       "        [1.76815924, 5.39007781, 3.72576275],\n",
       "        [2.14585217, 3.72576275, 7.61727761]]),\n",
       " array([[0.86817174, 1.56796088, 1.2631076 ],\n",
       "        [1.56796088, 6.59913417, 2.91953363],\n",
       "        [1.2631076 , 2.91953363, 4.52613586]]),\n",
       " array([[1.16257534, 2.28224362, 1.65811448],\n",
       "        [2.28224362, 8.6330044 , 3.76889514],\n",
       "        [1.65811448, 3.76889514, 4.87907015]]),\n",
       " array([[0.87564977, 1.41257494, 1.39284839],\n",
       "        [1.41257494, 5.47002308, 2.88601264],\n",
       "        [1.39284839, 2.88601264, 5.33751427]]),\n",
       " array([[0.72347394, 1.19812376, 1.05922222],\n",
       "        [1.19812376, 5.44339299, 2.45321735],\n",
       "        [1.05922222, 2.45321735, 4.40789483]]),\n",
       " array([[ 2.49455088,  4.55447898,  3.45075338],\n",
       "        [ 4.55447898, 12.37761159,  6.43981169],\n",
       "        [ 3.45075338,  6.43981169,  7.38382803]]),\n",
       " array([[0.62136583, 0.76640834, 1.45986646],\n",
       "        [0.76640834, 2.98941089, 2.52326794],\n",
       "        [1.45986646, 2.52326794, 8.95231343]]),\n",
       " array([[ 1.33867304,  1.7247832 ,  3.34403349],\n",
       "        [ 1.7247832 ,  4.26232053,  4.71024449],\n",
       "        [ 3.34403349,  4.71024449, 14.12941699]]),\n",
       " array([[ 1.20021818,  1.59967609,  2.74506329],\n",
       "        [ 1.59967609,  4.31919871,  4.13370063],\n",
       "        [ 2.74506329,  4.13370063, 11.38393478]]),\n",
       " array([[0.83532122, 1.27387183, 1.39404298],\n",
       "        [1.27387183, 4.8851896 , 2.78082184],\n",
       "        [1.39404298, 2.78082184, 5.71306729]]),\n",
       " array([[0.80121031, 1.17600414, 1.38676728],\n",
       "        [1.17600414, 4.50861601, 2.70289313],\n",
       "        [1.38676728, 2.70289313, 5.99707595]]),\n",
       " array([[0.84186157, 1.55142676, 1.20305129],\n",
       "        [1.55142676, 6.74871277, 2.86484209],\n",
       "        [1.20305129, 2.86484209, 4.33562609]]),\n",
       " array([[ 2.24850544,  4.84563771,  2.89027066],\n",
       "        [ 4.84563771, 15.51292262,  6.38864015],\n",
       "        [ 2.89027066,  6.38864015,  5.94588368]]),\n",
       " array([[0.77144891, 1.32665457, 1.12486581],\n",
       "        [1.32665457, 5.87326126, 2.61390544],\n",
       "        [1.12486581, 2.61390544, 4.41906097]]),\n",
       " array([[ 2.67320671,  3.67623956,  4.82697296],\n",
       "        [ 3.67623956,  7.67953505,  6.74124413],\n",
       "        [ 4.82697296,  6.74124413, 12.76803247]]),\n",
       " array([[1.19112943, 2.0257616 , 1.87563424],\n",
       "        [2.0257616 , 6.82112453, 3.70491057],\n",
       "        [1.87563424, 3.70491057, 5.94442752]]),\n",
       " array([[1.35078484, 1.9403906 , 2.6109142 ],\n",
       "        [1.9403906 , 5.34333127, 4.19764175],\n",
       "        [2.6109142 , 4.19764175, 9.12645782]]),\n",
       " array([[0.46800646, 0.52327966, 1.0139314 ],\n",
       "        [0.52327966, 2.58288705, 1.91073377],\n",
       "        [1.0139314 , 1.91073377, 7.66271497]]),\n",
       " array([[ 1.67428366,  2.34903887,  3.2826733 ],\n",
       "        [ 2.34903887,  5.79153077,  4.94509155],\n",
       "        [ 3.2826733 ,  4.94509155, 10.67321976]]),\n",
       " array([[ 1.59991753,  2.18849594,  3.31665247],\n",
       "        [ 2.18849594,  5.35930819,  4.88942156],\n",
       "        [ 3.31665247,  4.88942156, 11.43764509]]),\n",
       " array([[0.88601731, 1.20677211, 1.84283091],\n",
       "        [1.20677211, 3.98692858, 3.12890507],\n",
       "        [1.84283091, 3.12890507, 8.36947173]]),\n",
       " array([[0.86189004, 1.27970682, 1.50548151],\n",
       "        [1.27970682, 4.69276743, 2.87787066],\n",
       "        [1.50548151, 2.87787066, 6.22828246]]),\n",
       " array([[ 2.08908952,  2.91101103,  3.95181923],\n",
       "        [ 2.91101103,  6.60832558,  5.73639012],\n",
       "        [ 3.95181923,  5.73639012, 11.62222043]]),\n",
       " array([[0.99197403, 1.62995666, 1.58773272],\n",
       "        [1.62995666, 5.90963729, 3.20098906],\n",
       "        [1.58773272, 3.20098906, 5.64252951]]),\n",
       " array([[ 0.98677401,  1.2656683 ,  2.57611759],\n",
       "        [ 1.2656683 ,  3.60797926,  3.84291151],\n",
       "        [ 2.57611759,  3.84291151, 12.74603466]]),\n",
       " array([[1.16415451, 1.79563477, 2.02822312],\n",
       "        [1.79563477, 5.66091899, 3.6523375 ],\n",
       "        [2.02822312, 3.6523375 , 7.03489149]]),\n",
       " array([[13.12987495, 17.17472469, 14.86609384],\n",
       "        [17.17472469, 26.51615001, 18.61229391],\n",
       "        [14.86609384, 18.61229391, 20.01900505]]),\n",
       " array([[1.27868861, 2.4071711 , 1.86918085],\n",
       "        [2.4071711 , 8.45279946, 3.99456313],\n",
       "        [1.86918085, 3.99456313, 5.36564918]]),\n",
       " array([[1.64595318, 3.03279825, 2.40454591],\n",
       "        [3.03279825, 9.45393165, 4.78754779],\n",
       "        [2.40454591, 4.78754779, 6.19066007]]),\n",
       " array([[ 1.55773574,  3.57933344,  2.04177977],\n",
       "        [ 3.57933344, 13.46782951,  5.03555429],\n",
       "        [ 2.04177977,  5.03555429,  4.83898066]]),\n",
       " array([[0.99131592, 1.39634014, 1.96253574],\n",
       "        [1.39634014, 4.44248236, 3.3448524 ],\n",
       "        [1.96253574, 3.3448524 , 8.10289814]]),\n",
       " array([[1.61407658, 2.80707551, 2.46533326],\n",
       "        [2.80707551, 8.42260024, 4.65975205],\n",
       "        [2.46533326, 4.65975205, 6.64916547]]),\n",
       " array([[20.69062883, 28.02342936, 19.78969531],\n",
       "        [28.02342936, 43.16217598, 25.60755902],\n",
       "        [19.78969531, 25.60755902, 21.82532361]]),\n",
       " array([[ 0.86622542,  2.17789579,  1.11366275],\n",
       "        [ 2.17789579, 11.23515745,  3.40158891],\n",
       "        [ 1.11366275,  3.40158891,  3.45821695]]),\n",
       " array([[0.8098935 , 1.58730947, 1.11409951],\n",
       "        [1.58730947, 7.3548763 , 2.84010921],\n",
       "        [1.11409951, 2.84010921, 3.97819943]]),\n",
       " array([[ 1.43296469,  2.94893094,  1.98399894],\n",
       "        [ 2.94893094, 10.5395919 ,  4.49208576],\n",
       "        [ 1.98399894,  4.49208576,  5.14042509]]),\n",
       " array([[1.14226247, 1.809387  , 1.92596737],\n",
       "        [1.809387  , 5.88883863, 3.58425848],\n",
       "        [1.92596737, 3.58425848, 6.58164   ]]),\n",
       " array([[ 0.98557236,  1.27110605,  2.51245977],\n",
       "        [ 1.27110605,  3.65556777,  3.78441537],\n",
       "        [ 2.51245977,  3.78441537, 12.24909786]]),\n",
       " array([[0.7783492 , 1.86342497, 0.9999602 ],\n",
       "        [1.86342497, 9.92843645, 3.04374328],\n",
       "        [0.9999602 , 3.04374328, 3.36336925]]),\n",
       " array([[1.28658771, 2.04312734, 2.16889787],\n",
       "        [2.04312734, 6.27769746, 3.92517478],\n",
       "        [2.16889787, 3.92517478, 6.98866128]]),\n",
       " array([[ 1.1773709 ,  1.53123093,  2.90618427],\n",
       "        [ 1.53123093,  4.05479561,  4.24793826],\n",
       "        [ 2.90618427,  4.24793826, 12.80956202]]),\n",
       " array([[0.97154851, 1.42667814, 1.77820179],\n",
       "        [1.42667814, 4.78133164, 3.20674597],\n",
       "        [1.77820179, 3.20674597, 7.04655976]]),\n",
       " array([[ 3.02549625,  3.84668309,  5.97921083],\n",
       "        [ 3.84668309,  7.24417533,  7.61387526],\n",
       "        [ 5.97921083,  7.61387526, 16.5809731 ]]),\n",
       " array([[0.88660239, 1.18594131, 1.93942098],\n",
       "        [1.18594131, 3.83267638, 3.20694835],\n",
       "        [1.93942098, 3.20694835, 9.08076856]]),\n",
       " array([[ 0.86821202,  1.05513411,  3.48990421],\n",
       "        [ 1.05513411,  2.87046439,  4.72693489],\n",
       "        [ 3.48990421,  4.72693489, 24.16938848]]),\n",
       " array([[ 1.63390762,  3.83663223,  2.11430251],\n",
       "        [ 3.83663223, 14.44083029,  5.27792967],\n",
       "        [ 2.11430251,  5.27792967,  4.85637717]]),\n",
       " array([[0.67889004, 0.99751041, 1.07909298],\n",
       "        [0.99751041, 4.40925729, 2.30152004],\n",
       "        [1.07909298, 2.30152004, 5.0397772 ]]),\n",
       " array([[1.558185  , 2.62973748, 2.44873478],\n",
       "        [2.62973748, 7.81017523, 4.52378716],\n",
       "        [2.44873478, 4.52378716, 6.86082548]]),\n",
       " array([[0.64187607, 0.79513297, 1.55130564],\n",
       "        [0.79513297, 3.00488183, 2.63320019],\n",
       "        [1.55130564, 2.63320019, 9.41820404]]),\n",
       " array([[ 4.4618259 ,  7.79063686,  5.58729743],\n",
       "        [ 7.79063686, 17.98629968,  9.56632374],\n",
       "        [ 5.58729743,  9.56632374,  9.56061889]]),\n",
       " array([[0.94567468, 1.34358086, 1.82321799],\n",
       "        [1.34358086, 4.44164587, 3.19211429],\n",
       "        [1.82321799, 3.19211429, 7.59726616]]),\n",
       " array([[1.05139207, 1.87948065, 1.5811276 ],\n",
       "        [1.87948065, 7.00758969, 3.39193244],\n",
       "        [1.5811276 , 3.39193244, 5.15949015]]),\n",
       " array([[1.57227981, 2.55692585, 2.55657034],\n",
       "        [2.55692585, 7.34321115, 4.5451262 ],\n",
       "        [2.55657034, 4.5451262 , 7.34135491]]),\n",
