{
 "cells": [
  {
   "cell_type": "code",
   "execution_count": 1,
   "metadata": {},
   "outputs": [],
   "source": [
    "import numpy as np\n",
    "import pandas as pd\n",
    "import math\n",
    "from scipy.stats import norm\n",
    "from scipy.optimize import fsolve\n",
    "from numpy.linalg import inv"
   ]
  },
  {
   "cell_type": "code",
   "execution_count": 2,
   "metadata": {},
   "outputs": [],
   "source": [
    "N=1000\n",
    "alpha=0.05\n",
    "z=norm.ppf(1-alpha/2)\n",
    "pi=math.pi"
   ]
  },
  {
   "cell_type": "code",
   "execution_count": null,
   "metadata": {},
   "outputs": [],
   "source": []
  },
  {
   "cell_type": "code",
   "execution_count": 3,
   "metadata": {},
   "outputs": [],
   "source": [
    "n=50\n",
    "\n",
    "X=[]\n",
    "U=np.random.uniform(0,1,n)\n",
    "for i in range(n):\n",
    "    X.append((fsolve(lambda x: 0.5*norm.cdf(x)+0.5*norm.cdf(x-4)-U[i], 0)[0]))"
   ]
  },
  {
   "cell_type": "code",
   "execution_count": null,
   "metadata": {},
   "outputs": [],
   "source": []
  },
  {
   "cell_type": "code",
   "execution_count": null,
   "metadata": {},
   "outputs": [],
   "source": []
  },
  {
   "cell_type": "code",
   "execution_count": 4,
   "metadata": {},
   "outputs": [],
   "source": [
    "def p1(X,mu1):\n",
    "    return norm.pdf(X,mu1,1)"
   ]
  },
  {
   "cell_type": "code",
   "execution_count": 5,
   "metadata": {},
   "outputs": [],
   "source": [
    "def p2(X,mu2):\n",
    "    return norm.pdf(X,mu2,1)"
   ]
  },
  {
   "cell_type": "code",
   "execution_count": 6,
   "metadata": {},
   "outputs": [],
   "source": [
    "def f(X,lamda,mu1,mu2):\n",
    "    return (lamda*p1(X,mu1)+(1-lamda)*p2(X,mu2))"
   ]
  },
  {
   "cell_type": "code",
   "execution_count": null,
   "metadata": {},
   "outputs": [],
   "source": []
  },
  {
   "cell_type": "code",
   "execution_count": 7,
   "metadata": {},
   "outputs": [],
   "source": [
    "def ML(paramlist):\n",
    "    lamda,mu1,mu2=paramlist[0],paramlist[1],paramlist[2]\n",
    "    s1=0\n",
    "    s2=0\n",
    "    s3=0\n",
    "    for i in range(n):\n",
    "        s1=s1-(p1(X[i],mu1)-p2(X[i],mu2))/(f(X[i],lamda,mu1,mu2))\n",
    "        s2=s2-lamda*p1(X[i],mu1)*(X[i]-mu1)/(f(X[i],lamda,mu1,mu2))\n",
    "        s3=s3-(1-lamda)*p2(X[i],mu2)*(X[i]-mu2)/(f(X[i],lamda,mu1,mu2))\n",
    "    return s1,s2,s3"
   ]
  },
  {
   "cell_type": "code",
   "execution_count": 8,
   "metadata": {},
   "outputs": [],
   "source": [
    "lamda_hat,mu1_hat,mu2_hat=fsolve(ML,[0.5,0,4])"
   ]
  },
  {
   "cell_type": "code",
   "execution_count": 9,
   "metadata": {},
   "outputs": [
    {
     "data": {
      "text/plain": [
       "array([ 0.45089535, -0.19277317,  4.11826827])"
      ]
     },
     "execution_count": 9,
     "metadata": {},
     "output_type": "execute_result"
    }
   ],
   "source": [
    "fsolve(ML,[0.5,0,4])"
   ]
  },
  {
   "cell_type": "code",
   "execution_count": 10,
   "metadata": {},
   "outputs": [],
   "source": [
    "h11=0\n",
    "h12=0\n",
    "h13=0\n",
    "h22=0\n",
    "h23=0\n",
    "h33=0\n",
    "for i in range(len(X)):\n",
    "    h11=h11+(1/n)*(p1(X[i],mu1_hat)-p2(X[i],mu2_hat))**2/(f(X[i],lamda_hat,mu1_hat,mu2_hat))**2\n",
    "    h12=h12-(1/n)*(p1(X[i],mu1_hat)*(X[i]-mu1_hat)*f(X[i],lamda_hat,mu1_hat,mu2_hat)-p1(X[i],mu1_hat)*(X[i]-mu1_hat)*lamda_hat*(p1(X[i],mu1_hat)-p2(X[i],mu2_hat)))/(f(X[i],lamda_hat,mu1_hat,mu2_hat))**2\n",
    "    h13=h13-(1/n)*(-p2(X[i],mu2_hat)*(X[i]-mu2_hat)*f(X[i],lamda_hat,mu1_hat,mu2_hat)-p2(X[i],mu2_hat)*(X[i]-mu2_hat)*(1-lamda_hat)*(p1(X[i],mu1_hat)-p2(X[i],mu2_hat)))/(f(X[i],lamda_hat,mu1_hat,mu2_hat))**2\n",
    "    h22=h22-(1/n)*(lamda_hat*p1(X[i],mu1_hat)*(-1+(X[i]-mu1_hat)**2)*f(X[i],lamda_hat,mu1_hat,mu2_hat)-(p1(X[i],mu1_hat)*(X[i]-mu1_hat)*lamda_hat)**2)/(f(X[i],lamda_hat,mu1_hat,mu2_hat))**2\n",
    "    h33=h33-(1/n)*((1-lamda_hat)*p2(X[i],mu2_hat)*(-1+(X[i]-mu2_hat)**2)*f(X[i],lamda_hat,mu1_hat,mu2_hat)-(p2(X[i],mu2_hat)*(X[i]-mu2_hat)*(1-lamda_hat))**2)/(f(X[i],lamda_hat,mu1_hat,mu2_hat))**2\n",
    "    h23=h23+(1/n)*(p1(X[i],mu1_hat)*(X[i]-mu1_hat)*lamda_hat*p2(X[i],mu2_hat)*(X[i]-mu2_hat)*(1-lamda_hat))/(f(X[i],lamda_hat,mu1_hat,mu2_hat))**2"
   ]
  },
  {
   "cell_type": "code",
   "execution_count": 11,
   "metadata": {},
   "outputs": [],
   "source": [
    "H=[[h11,h12,h13],[h12,h22,h23],[h13,h23,h33]]"
   ]
  },
  {
   "cell_type": "code",
   "execution_count": 12,
   "metadata": {},
   "outputs": [
    {
     "data": {
      "text/plain": [
       "[[3.7703860094021486, -0.14502157735705443, -0.14164070841456766],\n",
       " [-0.14502157735705443, 0.3699811516348409, -0.07387679976518237],\n",
       " [-0.14164070841456766, -0.07387679976518237, 0.4717990743449744]]"
      ]
     },
     "execution_count": 12,
     "metadata": {},
     "output_type": "execute_result"
    }
   ],
   "source": [
    "H"
   ]
  },
  {
   "cell_type": "markdown",
   "metadata": {},
   "source": [
    "# Integration needs to be accurate"
   ]
  },
  {
   "cell_type": "code",
   "execution_count": 18,
   "metadata": {},
   "outputs": [],
   "source": [
    "import scipy.integrate\n",
    "a11= lambda x:(p1(x,mu1_hat)-p2(x,mu2_hat))**2/f(x,lamda_hat,mu1_hat,mu2_hat)\n",
    "a22= lambda x:(lamda_hat*(x-mu1_hat)*p1(x,mu1_hat))**2/f(x,lamda_hat,mu1_hat,mu2_hat)\n",
    "a33= lambda x:((1-lamda_hat)*(x-mu2_hat)*p2(x,mu2_hat))**2/f(x,lamda_hat,mu1_hat,mu2_hat)\n",
    "a12= lambda x:(p1(x,mu1_hat)-p2(x,mu2_hat))*(lamda_hat*(x-mu1_hat)*p1(x,mu1_hat))/f(x,lamda_hat,mu1_hat,mu2_hat)\n",
    "a13= lambda x:(p1(x,mu1_hat)-p2(x,mu2_hat))*((1-lamda_hat)*(x-mu2_hat)*p2(x,mu2_hat))/f(x,lamda_hat,mu1_hat,mu2_hat)\n",
    "a23 = lambda x:(lamda_hat*(x-mu1_hat)*p1(x,mu1_hat))*((1-lamda_hat)*(x-mu2_hat)*p2(x,mu2_hat))/f(x,lamda_hat,mu1_hat,mu2_hat)\n",
    "f11 = scipy.integrate.quad(a11, -35, 35)[0]\n",
    "f22 = scipy.integrate.quad(a22, -35, 35)[0]\n",
    "f33 = scipy.integrate.quad(a33, -35, 35)[0]\n",
    "f12 = scipy.integrate.quad(a12, -35, 35)[0]\n",
    "f13 = scipy.integrate.quad(a13, -35, 35)[0]\n",
    "f23 = scipy.integrate.quad(a23, -35, 35)[0]"
   ]
  },
  {
   "cell_type": "code",
   "execution_count": 14,
   "metadata": {},
   "outputs": [],
   "source": [
    "F=[[f11,f12,f13],[f12,f22,f23],[f13,f23,f33]]"
   ]
  },
  {
   "cell_type": "code",
   "execution_count": 15,
   "metadata": {},
   "outputs": [
    {
     "data": {
      "text/plain": [
       "[[3.847824678401031, -0.10046572943653717, -0.10354120900258094],\n",
       " [-0.10046572943653717, 0.3946992778776746, -0.05103756050901932],\n",
       " [-0.10354120900258094, -0.05103756050901932, 0.4896259182979119]]"
      ]
     },
     "execution_count": 15,
     "metadata": {},
     "output_type": "execute_result"
    }
   ],
   "source": [
    "F"
   ]
  },
  {
   "cell_type": "code",
   "execution_count": null,
   "metadata": {},
   "outputs": [],
   "source": []
  },
  {
   "cell_type": "code",
   "execution_count": 16,
   "metadata": {},
   "outputs": [
    {
     "data": {
      "text/plain": [
       "array([[0.2739828 , 0.12781351, 0.1022672 ],\n",
       "       [0.12781351, 2.84970161, 0.48459279],\n",
       "       [0.1022672 , 0.48459279, 2.2261285 ]])"
      ]
     },
     "execution_count": 16,
     "metadata": {},
     "output_type": "execute_result"
    }
   ],
   "source": [
    "inv(H)"
   ]
  },
  {
   "cell_type": "code",
   "execution_count": 17,
   "metadata": {},
   "outputs": [
    {
     "data": {
      "text/plain": [
       "array([[0.26356444, 0.07530916, 0.06358605],\n",
       "       [0.07530916, 2.58970873, 0.28587134],\n",
       "       [0.06358605, 0.28587134, 2.0856207 ]])"
      ]
     },
     "execution_count": 17,
     "metadata": {},
     "output_type": "execute_result"
    }
   ],
   "source": [
    "inv(F)"
   ]
  },
  {
   "cell_type": "code",
   "execution_count": null,
   "metadata": {},
   "outputs": [],
   "source": []
  },
  {
   "cell_type": "code",
   "execution_count": null,
   "metadata": {},
   "outputs": [],
   "source": []
  },
  {
   "cell_type": "code",
   "execution_count": null,
   "metadata": {},
   "outputs": [],
   "source": []
  }
 ],
 "metadata": {
  "kernelspec": {
   "display_name": "Python 3",
   "language": "python",
   "name": "python3"
  },
  "language_info": {
   "codemirror_mode": {
    "name": "ipython",
    "version": 3
   },
   "file_extension": ".py",
   "mimetype": "text/x-python",
   "name": "python",
   "nbconvert_exporter": "python",
   "pygments_lexer": "ipython3",
   "version": "3.7.6"
  }
 },
 "nbformat": 4,
 "nbformat_minor": 4
}
